Qobj data =
[[  4.48129666e+00 +0.00000000e+00j   4.34730112e+00 +7.61278551e-01j
   -7.27194244e-01 +1.07753580e+00j  -3.31886926e-01 -6.89417803e-01j
    1.65045361e-01 +2.46979519e-01j  -7.93695171e-02 -3.39623817e-01j
   -1.04220344e+00 -1.60784777e+00j   6.03352863e-01 +4.45496096e-01j
    1.93294259e-01 -2.36620971e-01j  -8.38759612e-01 -4.37109747e-01j
    1.55651098e-01 -3.31924068e-01j   8.47096181e-01 +3.71453568e-01j
    3.49418835e+00 +2.08802039e+00j  -3.21582771e+00 -5.41046489e-01j
    9.37142072e-01 -1.11856266e+00j   1.55873152e-01 +1.66818270e+00j]
 [  4.34730112e+00 -7.61278551e-01j   4.33581440e+00 +0.00000000e+00j
   -1.23434970e+00 +4.02532929e-02j   1.30400759e+00 -3.83708006e-01j
    3.49506490e-01 -1.88263876e+00j  -4.62618478e-01 -1.34900057e+00j
    9.00125737e-01 +1.59648385e+00j   2.36241750e-03 +8.07857239e-01j
   -9.57524531e-01 +7.00896022e-01j   1.18712490e-01 -5.57764688e-01j
    4.67127486e-02 +2.32489668e-01j  -1.00763454e+00 -1.30928713e+00j
    3.60599223e+00 -1.37533112e+00j  -3.88437247e+00 +2.42131162e+00j
    3.74843187e-01 +2.05552540e+00j   1.90296312e-01 -5.05850624e-01j]
 [ -7.27194244e-01 -1.07753580e+00j  -1.23434970e+00 -4.02532929e-02j
    1.14342550e+00 +0.00000000e+00j   5.10337352e-01 -2.53813969e-02j
    1.60174546e+00 -4.55959995e-01j   6.29700406e-01 +7.79300974e-01j
    1.67481563e-01 +1.07713466e+00j  -7.92290051e-01 -8.58724637e-01j
   -7.54743077e-01 +7.34587440e-01j   2.09517773e-01 +4.12915001e-01j
    2.75568166e-02 -4.37510705e-01j  -3.75509754e-01 -6.32795162e-01j
   -3.15719650e-01 -1.54370824e+00j  -1.16406542e-02 +2.05551908e+00j
   -1.15614749e-01 -5.85978776e-01j   6.58177980e-01 -1.78506391e+00j]
 [ -3.31886926e-01 +6.89417803e-01j   1.30400759e+00 +3.83708006e-01j
    5.10337352e-01 +2.53813969e-02j  -1.19425178e+00 +0.00000000e+00j
   -2.87393313e-02 -1.18947932e-01j  -3.26641591e-01 +4.32065120e-01j
    2.98400364e-01 -3.66401610e-01j  -6.59800636e-01 +1.35675350e-02j
   -9.71392805e-01 -2.91680688e-01j  -6.07177692e-01 -2.15161804e+00j
   -7.81753950e-01 -8.53225945e-01j   1.92859738e-01 +3.12526932e-02j
   -1.55882576e-01 +6.90327211e-01j   1.26853619e+00 +1.15552550e-01j
   -1.52676834e+00 -2.17523408e+00j   5.05802260e-01 -1.59898134e+00j]
 [  1.65045361e-01 -2.46979519e-01j   3.49506490e-01 +1.88263876e+00j
    1.60174546e+00 +4.55959995e-01j  -2.87393313e-02 +1.18947932e-01j
   -1.28627220e+00 +0.00000000e+00j  -6.17435180e-01 +7.25744508e-01j
   -5.79738903e-01 +7.23767819e-01j   7.11000810e-01 -2.01961624e+00j
   -1.26122458e+00 +9.08390236e-06j  -7.58231755e-01 +8.06824613e-01j
   -7.52673671e-01 +1.63653915e+00j  -3.92719286e-01 +1.27558217e+00j
    2.51983267e-01 +1.64554384e+00j  -3.95960232e-01 -9.21432647e-01j
    9.65721322e-02 -1.17483090e+00j  -8.34618158e-01 -1.77686619e+00j]
 [ -7.93695171e-02 +3.39623817e-01j  -4.62618478e-01 +1.34900057e+00j
    6.29700406e-01 -7.79300974e-01j  -3.26641591e-01 -4.32065120e-01j
   -6.17435180e-01 -7.25744508e-01j   1.06422546e+00 +0.00000000e+00j
    3.24711673e-01 -1.16007213e-01j  -1.18038449e-01 -7.69028782e-01j
   -7.58217440e-01 -8.06832857e-01j   1.92949969e+00 -1.04047999e-07j
    1.29281886e+00 -3.82026595e-01j   1.07553800e-01 -1.37669717e-01j
    4.89967907e-01 +4.86807993e-01j  -2.14455578e-02 +2.73388806e-01j
    6.98955902e-02 -4.57841805e-01j  -1.71270898e-01 +1.11063456e+00j]
 [ -1.04220344e+00 +1.60784777e+00j   9.00125737e-01 -1.59648385e+00j
    1.67481563e-01 -1.07713466e+00j   2.98400364e-01 +3.66401610e-01j
   -5.79738903e-01 -7.23767819e-01j   3.24711673e-01 +1.16007213e-01j
   -4.28430509e-01 +0.00000000e+00j  -1.13145321e+00 +1.29135678e+00j
   -7.52670990e-01 -1.63653177e+00j   1.29282164e+00 +3.82039682e-01j
   -1.74723836e+00 +9.64405636e-08j   8.27148360e-01 -4.69954968e-01j
    2.26908033e-01 +9.63342992e-01j  -2.00523482e-01 +3.59336017e-01j
    3.16581905e-01 -5.45253680e-01j   1.40596983e+00 +6.98796049e-01j]
 [  6.03352863e-01 -4.45496096e-01j   2.36241750e-03 -8.07857239e-01j
   -7.92290051e-01 +8.58724637e-01j  -6.59800636e-01 -1.35675350e-02j
    7.11000810e-01 +2.01961624e+00j  -1.18038449e-01 +7.69028782e-01j
   -1.13145321e+00 -1.29135678e+00j   3.01125839e+00 +0.00000000e+00j
   -3.92691444e-01 -1.27558487e+00j   1.07561775e-01 +1.37666033e-01j
    8.27135373e-01 +4.69941547e-01j   8.07338258e-01 -5.59777521e-06j
    1.40922667e+00 +1.45032105e+00j  -2.03015442e-01 -4.04170723e-01j
   -1.04536738e+00 +1.12894421e+00j  -7.46739660e-01 -1.90609370e+00j]
 [  1.93294259e-01 +2.36620971e-01j  -9.57524531e-01 -7.00896022e-01j
   -7.54743077e-01 -7.34587440e-01j  -9.71392805e-01 +2.91680688e-01j
   -1.26122458e+00 -9.08390236e-06j  -7.58217440e-01 +8.06832857e-01j
   -7.52670990e-01 +1.63653177e+00j  -3.92691444e-01 +1.27558487e+00j
    1.28626572e+00 +0.00000000e+00j   6.17445871e-01 -7.25765600e-01j
    5.79734410e-01 -7.23766462e-01j  -7.11001588e-01 +2.01961827e+00j
   -3.05066456e-01 -7.06160697e-01j   1.28842574e+00 +6.31924771e-01j
    7.54293237e-01 +1.15429960e+00j  -2.28733934e+00 +1.94981415e+00j]
 [ -8.38759612e-01 +4.37109747e-01j   1.18712490e-01 +5.57764688e-01j
    2.09517773e-01 -4.12915001e-01j  -6.07177692e-01 +2.15161804e+00j
   -7.58231755e-01 -8.06824613e-01j   1.92949969e+00 +1.04047999e-07j
    1.29282164e+00 -3.82039682e-01j   1.07561775e-01 -1.37666033e-01j
    6.17445871e-01 +7.25765600e-01j  -1.06423036e+00 +0.00000000e+00j
   -3.24727641e-01 +1.15999952e-01j   1.18047024e-01 +7.69022970e-01j
   -5.81898038e-01 -8.70384242e-04j   3.46331344e-01 +4.76625621e-02j
   -1.38755275e+00 -5.10071788e-01j  -2.57833978e-02 -1.83874612e+00j]
 [  1.55651098e-01 +3.31924068e-01j   4.67127486e-02 -2.32489668e-01j
    2.75568166e-02 +4.37510705e-01j  -7.81753950e-01 +8.53225945e-01j
   -7.52673671e-01 -1.63653915e+00j   1.29281886e+00 +3.82026595e-01j
   -1.74723836e+00 -9.64405636e-08j   8.27135373e-01 -4.69941547e-01j
    5.79734410e-01 +7.23766462e-01j  -3.24727641e-01 -1.15999952e-01j
    4.28445057e-01 +0.00000000e+00j   1.13147149e+00 -1.29134794e+00j
   -4.83972847e-01 +8.66250724e-01j  -1.22474988e+00 -6.90490674e-01j
   -4.92608882e-01 -1.04294140e+00j   6.48634486e-01 +6.04663642e-01j]
 [  8.47096181e-01 -3.71453568e-01j  -1.00763454e+00 +1.30928713e+00j
   -3.75509754e-01 +6.32795162e-01j   1.92859738e-01 -3.12526932e-02j
   -3.92719286e-01 -1.27558217e+00j   1.07553800e-01 +1.37669717e-01j
    8.27148360e-01 +4.69954968e-01j   8.07338258e-01 +5.59777521e-06j
   -7.11001588e-01 -2.01961827e+00j   1.18047024e-01 -7.69022970e-01j
    1.13147149e+00 +1.29134794e+00j  -3.01124345e+00 +0.00000000e+00j
    2.16304361e+00 -2.02958271e+00j  -1.11101426e+00 +3.52697144e-01j
    5.17223176e-01 +4.06041641e-01j   6.91217235e-01 +9.11535255e-01j]
 [  3.49418835e+00 -2.08802039e+00j   3.60599223e+00 +1.37533112e+00j
   -3.15719650e-01 +1.54370824e+00j  -1.55882576e-01 -6.90327211e-01j
    2.51983267e-01 -1.64554384e+00j   4.89967907e-01 -4.86807993e-01j
    2.26908033e-01 -9.63342992e-01j   1.40922667e+00 -1.45032105e+00j
   -3.05066456e-01 +7.06160697e-01j  -5.81898038e-01 +8.70384242e-04j
   -4.83972847e-01 -8.66250724e-01j   2.16304361e+00 +2.02958271e+00j
    1.29478686e+00 +0.00000000e+00j  -3.21273442e+00 -2.07458519e+00j
    1.81651619e+00 -4.27431747e-01j   3.31877520e-01 +1.28216320e+00j]
 [ -3.21582771e+00 +5.41046489e-01j  -3.88437247e+00 -2.42131162e+00j
   -1.16406542e-02 -2.05551908e+00j   1.26853619e+00 -1.15552550e-01j
   -3.95960232e-01 +9.21432647e-01j  -2.14455578e-02 -2.73388806e-01j
   -2.00523482e-01 -3.59336017e-01j  -2.03015442e-01 +4.04170723e-01j
    1.28842574e+00 -6.31924771e-01j   3.46331344e-01 -4.76625621e-02j
   -1.22474988e+00 +6.90490674e-01j  -1.11101426e+00 -3.52697144e-01j
   -3.21273442e+00 +2.07458519e+00j   3.61889104e+00 +0.00000000e+00j
   -1.25150097e+00 -4.02541234e-02j  -1.30475287e+00 -7.05611078e-01j]
 [  9.37142072e-01 +1.11856266e+00j   3.74843187e-01 -2.05552540e+00j
   -1.15614749e-01 +5.85978776e-01j  -1.52676834e+00 +2.17523408e+00j
    9.65721322e-02 +1.17483090e+00j   6.98955902e-02 +4.57841805e-01j
    3.16581905e-01 +5.45253680e-01j  -1.04536738e+00 -1.12894421e+00j
    7.54293237e-01 -1.15429960e+00j  -1.38755275e+00 +5.10071788e-01j
   -4.92608882e-01 +1.04294140e+00j   5.17223176e-01 -4.06041641e-01j
    1.81651619e+00 +4.27431747e-01j  -1.25150097e+00 +4.02541234e-02j
   -1.09815466e+00 +0.00000000e+00j  -8.23436730e-01 +1.15995261e+00j]
 [  1.55873152e-01 -1.66818270e+00j   1.90296312e-01 +5.05850624e-01j
    6.58177980e-01 +1.78506391e+00j   5.05802260e-01 +1.59898134e+00j
   -8.34618158e-01 +1.77686619e+00j  -1.71270898e-01 -1.11063456e+00j
    1.40596983e+00 -6.98796049e-01j  -7.46739660e-01 +1.90609370e+00j
   -2.28733934e+00 -1.94981415e+00j  -2.57833978e-02 +1.83874612e+00j
    6.48634486e-01 -6.04663642e-01j   6.91217235e-01 -9.11535255e-01j
    3.31877520e-01 -1.28216320e+00j  -1.30475287e+00 +7.05611078e-01j
   -8.23436730e-01 -1.15995261e+00j   3.41815255e+00 +0.00000000e+00j]]